
episode_reward: -226.5
iteration: 1, average_reward: -150.82608164066073, policy_loss: 1.702460, fdm_loss: 0.355837


episode_reward: -124.2